I
1000 Generated by WorldEditor

1    174 0 0 CYCC CORNWALL RGNL
100 35.36 1 0 0.25 0 2 0 10  45.09202300 -074.57458100    0    0 2 0 0 1 28  45.09330600 -074.56111400    0    0 2 0 0 1
110 1 0.25 0.0000 Taxiway A
111  45.09281526 -074.56458860
111  45.09270120 -074.56438406
111  45.09197264 -074.56425537
111  45.09184142 -074.56439460
111  45.09176318 -074.56504508
111  45.09184448 -074.56527614
111  45.09188017 -074.56566596
111  45.09192425 -074.56575414
111  45.09189411 -074.56583527
111  45.09172313 -074.56572453
112  45.09165444 -074.56570592  45.09163590 -074.56571019
112  45.09160970 -074.56573574  45.09159676 -074.56575957
112  45.09158913 -074.56580300  45.09158783 -074.56582866
112  45.09158865 -074.56585714  45.09158994 -074.56587425
112  45.09160217 -074.56590388  45.09160993 -074.56591732
111  45.09164927 -074.56595620
111  45.09170467 -074.56600104
111  45.09199086 -074.56618650
111  45.09197922 -074.56626640
111  45.09169434 -074.56607830
112  45.09167829 -074.56609445  45.09167497 -074.56611640
112  45.09167960 -074.56618802  45.09167960 -074.56620244
111  45.09167037 -074.56632612
111  45.09165298 -074.56655405
111  45.09163237 -074.56678628
111  45.09160774 -074.56704203
111  45.09152951 -074.56790369
111  45.09151209 -074.56798516
111  45.09147780 -074.56808605
112  45.09144504 -074.56814304  45.09143406 -074.56815526
112  45.09140075 -074.56817573  45.09139326 -074.56818684
111  45.09137404 -074.56824118
111  45.09129546 -074.56853161
111  45.09109138 -074.56838357
111  45.09124829 -074.56789922
111  45.09135417 -074.56796526
112  45.09140907 -074.56796799  45.09142867 -074.56796345
112  45.09146318 -074.56791992  45.09147103 -074.56790225
111  45.09149855 -074.56768795
111  45.09156106 -074.56711827
111  45.09162314 -074.56648119
112  45.09163558 -074.56617406  45.09163398 -074.56615319
112  45.09160756 -074.56605340  45.09159550 -074.56602913
111  45.09151368 -074.56596661
111  45.09141786 -074.56590044
111  45.09127299 -074.56582390
111  45.09110332 -074.56576887
111  45.09125501 -074.56531437
111  45.09121211 -074.56528612
111  45.09122261 -074.56525164
111  45.09103418 -074.56511093
111  45.09111317 -074.56488014
111  45.09103168 -074.56478969
111  45.09078469 -074.56456360
111  45.09072698 -074.56456764
111  45.09080604 -074.56424185
111  45.09085380 -074.56433007
112  45.09090825 -074.56436615  45.09093174 -074.56436763
112  45.09094049 -074.56434874  45.09094414 -074.56433765
111  45.09095538 -074.56414456
111  45.09097622 -074.56394218
112  45.09100504 -074.56390169  45.09101704 -074.56389208
111  45.09104107 -074.56389083
111  45.09126377 -074.56392384
111  45.09121647 -074.56454287
111  45.09115912 -074.56455043
112  45.09117083 -074.56457744  45.09118791 -074.56459580
111  45.09122125 -074.56461967
112  45.09126237 -074.56463559  45.09128304 -074.56463884
111  45.09134908 -074.56463716
111  45.09140602 -074.56403468
111  45.09147023 -074.56330151
112  45.09143746 -074.56327720  45.09141551 -074.56326831
111  45.09132936 -074.56325511
111  45.09123599 -074.56323655
111  45.09117008 -074.56321763
111  45.09114348 -074.56321250
111  45.09108011 -074.56321923
111  45.09111558 -074.56310442
111  45.09115400 -074.56317048
111  45.09138302 -074.56321593
111  45.09148191 -074.56310500
111  45.09168407 -074.56313240
111  45.09167374 -074.56332641
111  45.09195147 -074.56336001
111  45.09189373 -074.56381292
111  45.09199391 -074.56401575
111  45.09273533 -074.56415276
113  45.09287301 -074.56398551
111  45.09128377 -074.56507746
112  45.09129230 -074.56506881  45.09129975 -074.56506715
111  45.09131171 -074.56507099
111  45.09132836 -074.56507660
111  45.09135191 -074.56508898
111  45.09137530 -074.56510051
112  45.09137530 -074.56509042  45.09136785 -074.56507820
111  45.09135410 -074.56506637
111  45.09133360 -074.56504720
111  45.09129699 -074.56502481
112  45.09127767 -074.56502570  45.09126865 -074.56503292
111  45.09126139 -074.56504543
111  45.09120733 -074.56520689
113  45.09123393 -074.56522440
111  45.09161309 -074.56517110
111  45.09162400 -074.56495739
111  45.09153132 -074.56476225
111  45.09150582 -074.56475794
111  45.09143699 -074.56474767
112  45.09140172 -074.56474548  45.09139457 -074.56474736
111  45.09139259 -074.56477802
111  45.09138670 -074.56481688
111  45.09138649 -074.56487145
111  45.09139564 -074.56492331
111  45.09141294 -074.56495212
111  45.09142514 -074.56495500
111  45.09144650 -074.56492331
111  45.09146005 -074.56490906
112  45.09146819 -074.56490493  45.09147093 -074.56490435
111  45.09148292 -074.56490664
111  45.09149796 -074.56490887
111  45.09149444 -074.56499795
111  45.09146137 -074.56499678
111  45.09146167 -074.56493959
111  45.09143429 -074.56497315
111  45.09142481 -074.56499028
112  45.09141794 -074.56501158  45.09141794 -074.56501820
111  45.09142247 -074.56502715
112  45.09143938 -074.56505729  45.09145104 -074.56507657
112  45.09147058 -074.56512107  45.09148290 -074.56513392
113  45.09151261 -074.56514228
111  45.09138817 -074.56495621
111  45.09137225 -074.56490890
112  45.09136410 -074.56484960  45.09136376 -074.56482817
111  45.09136887 -074.56480762
111  45.09137429 -074.56477637
112  45.09138331 -074.56472406  45.09138048 -074.56471817
111  45.09133798 -074.56471871
111  45.09133767 -074.56470434
111  45.09132750 -074.56470304
111  45.09128173 -074.56469713
111  45.09123190 -074.56468993
111  45.09120240 -074.56467985
111  45.09116172 -074.56467840
111  45.09114240 -074.56467985
111  45.09113324 -074.56469569
112  45.09112307 -074.56473603  45.09112307 -074.56473747
111  45.09112917 -074.56477204
111  45.09114647 -074.56481094
111  45.09118104 -074.56482247
111  45.09120545 -074.56483687
111  45.09126953 -074.56489018
111  45.09131936 -074.56492763
111  45.09136717 -074.56497229
114  45.09139971 -074.56498958  45.09140370 -074.56498699
111  45.09109598 -074.56469059
111  45.09109425 -074.56466538
111  45.09108220 -074.56463855
111  45.09105636 -074.56460439
111  45.09100067 -074.56456130
111  45.09095532 -074.56451820
111  45.09089619 -074.56447347
111  45.09083878 -074.56445151
111  45.09080950 -074.56444582
111  45.09079687 -074.56447591
111  45.09081180 -074.56450681
111  45.09083931 -074.56453002
111  45.09087389 -074.56456748
111  45.09092475 -074.56461214
111  45.09096746 -074.56464239
111  45.09099696 -074.56467552
111  45.09102950 -074.56469857
113  45.09107527 -074.56471010
111  45.09109368 -074.56444094
111  45.09108105 -074.56443606
111  45.09106210 -074.56443444
111  45.09104029 -074.56443037
111  45.09101618 -074.56442061
111  45.09100297 -074.56442549
111  45.09100297 -074.56443688
111  45.09100527 -074.56444989
111  45.09101618 -074.56445477
111  45.09103742 -074.56446534
111  45.09106096 -074.56448811
113  45.09109138 -074.56450030
110 1 0.25 0.0000 Taxiway B
111  45.09346253 -074.56114415
111  45.09434022 -074.56130724
111  45.09452179 -074.56122986
111  45.09453800 -074.56119258
111  45.09508010 -074.55981171
111  45.09493866 -074.55968538
111  45.09501600 -074.55948294
111  45.09516004 -074.55959868
112  45.09518456 -074.55956824  45.09519030 -074.55955198
111  45.09518161 -074.55952922
111  45.09517174 -074.55946414
111  45.09530786 -074.55958614
111  45.09526431 -074.55960297
112  45.09524373 -074.55962136  45.09523642 -074.55963911
111  45.09524425 -074.55965757
111  45.09547237 -074.55986001
111  45.09539660 -074.56006909
111  45.09514207 -074.55986846
111  45.09460225 -074.56122595
111  45.09464458 -074.56140910
112  45.09468395 -074.56149885  45.09470117 -074.56151881
111  45.09474492 -074.56150584
111  45.09488508 -074.56144943
111  45.09541367 -074.56016515
111  45.09547261 -074.56021639
111  45.09495004 -074.56149799
111  45.09499712 -074.56174642
111  45.09506052 -074.56178471
112  45.09513800 -074.56181023  45.09516462 -074.56180653
111  45.09519565 -074.56177960
111  45.09524611 -074.56172600
111  45.09527493 -074.56166985
111  45.09575274 -074.56046994
111  45.09581495 -074.56052306
111  45.09555601 -074.56114919
111  45.09541547 -074.56150651
111  45.09532804 -074.56175611
111  45.09534396 -074.56176627
111  45.09524996 -074.56202040
111  45.09536374 -074.56210646
111  45.09533618 -074.56218363
111  45.09447352 -074.56148025
111  45.09354868 -074.56129681
113  45.09343429 -074.56144318
110 1 0.25 0.0000 Hanger pad
111  45.09459679 -074.56104494
111  45.09454345 -074.56100571
111  45.09458914 -074.56088521
113  45.09464386 -074.56092783
110 1 0.25 0.0000 Hanger pad
111  45.09466914 -074.56086056
111  45.09461543 -074.56082056
111  45.09466289 -074.56070131
113  45.09471584 -074.56074267
110 1 0.25 0.0000 Hanger pad
111  45.09474179 -074.56067558
111  45.09468772 -074.56063557
111  45.09473518 -074.56051632
113  45.09478813 -074.56055769
110 1 0.25 0.0000 Hanger pad
111  45.09481344 -074.56049181
111  45.09475964 -074.56045258
111  45.09480711 -074.56033333
113  45.09486005 -074.56037470
110 1 0.25 0.0000 Hanger pad
111  45.09488676 -074.56030556
111  45.09483276 -074.56026609
111  45.09488022 -074.56014684
113  45.09493317 -074.56018821
110 1 0.25 0.0000 Hanger pad
111  45.09495676 -074.56012697
111  45.09490342 -074.56008774
111  45.09495038 -074.55996802
113  45.09500383 -074.56000986
110 1 0.25 0.0000 Hanger pad
111  45.09502818 -074.55994399
111  45.09497484 -074.55990476
111  45.09502230 -074.55978551
113  45.09507525 -074.55982688
110 1 0.25 0.0000 Hanger pad
111  45.09452631 -074.56122244
111  45.09447297 -074.56118321
111  45.09452043 -074.56106396
113  45.09457338 -074.56110533
110 1 0.00 0.0000 Parking pad
111  45.09469751 -074.56120159
111  45.09463177 -074.56114974
111  45.09464960 -074.56110653
113  45.09471492 -074.56115680
110 1 0.00 0.0000 Parking pad
111  45.09499660 -074.56117921
111  45.09493900 -074.56113134
111  45.09495717 -074.56108929
113  45.09501381 -074.56113631
110 1 0.00 0.0000 Parking pad
111  45.09506102 -074.56102266
111  45.09500225 -074.56097409
111  45.09501926 -074.56093227
113  45.09507856 -074.56097999
110 1 0.00 0.0000 Parking pad
111  45.09512101 -074.56087684
111  45.09504944 -074.56081649
111  45.09506562 -074.56077962
113  45.09513705 -074.56083795
110 1 0.00 0.0000 Parking pad
111  45.09517991 -074.56073310
111  45.09512098 -074.56068406
111  45.09513765 -074.56064154
113  45.09519678 -074.56069232
110 1 0.00 0.0000 Parking pad
111  45.09524273 -074.56058121
111  45.09517332 -074.56052416
111  45.09519182 -074.56047692
113  45.09526043 -074.56053737
110 1 0.00 0.0000 Parking pad
111  45.09530478 -074.56042955
111  45.09523371 -074.56037274
111  45.09525122 -074.56032998
113  45.09532265 -074.56038736
110 1 0.00 0.0000 Parking pad
111  45.09536524 -074.56028256
111  45.09528425 -074.56021225
111  45.09530154 -074.56016885
113  45.09538291 -074.56023994
110 1 0.00 0.0000 Parking pad
111  45.09476242 -074.56105052
111  45.09469267 -074.56099715
111  45.09471022 -074.56095356
113  45.09477876 -074.56100952
110 1 0.00 0.0000 Parking pad
111  45.09481855 -074.56090774
111  45.09474987 -074.56085171
111  45.09476769 -074.56080774
113  45.09483649 -074.56086294
110 1 0.00 0.0000 Parking pad
111  45.09493315 -074.56133241
111  45.09486574 -074.56127560
111  45.09488308 -074.56123378
113  45.09495086 -074.56128999
110 1 0.00 0.0000 Parking pad
111  45.09494643 -074.56065733
111  45.09485713 -074.56058462
111  45.09487441 -074.56054026
113  45.09496304 -074.56061557
110 1 0.00 0.0000 Parking pad
111  45.09497366 -074.56050775
111  45.09490845 -074.56045515
111  45.09492574 -074.56041117
113  45.09499080 -074.56046675
110 1 0.00 0.0000 Parking pad
111  45.09502862 -074.56033432
111  45.09497279 -074.56029082
111  45.09499061 -074.56024684
113  45.09504442 -074.56029028
110 1 0.00 0.0000 Parking pad
111  45.09508469 -074.56020764
111  45.09502457 -074.56016072
111  45.09504240 -074.56011713
113  45.09510237 -074.56016133
110 1 0.00 0.0000 Parking pad
111  45.09488178 -074.56075739
111  45.09481256 -074.56069568
111  45.09482958 -074.56065208
113  45.09489892 -074.56071336
110 1 0.00 0.0000 Parking pad
111  45.09515486 -074.56006657
111  45.09508510 -074.56000902
111  45.09510239 -074.55996505
113  45.09517173 -074.56002139
110 1 0.25 0.0000 28 turnaround
111  45.09307408 -074.56186954
111  45.09295742 -074.56163862
111  45.09301118 -074.56104720
113  45.09314938 -074.56108436
110 1 0.25 0.0000 10 turnaround
111  45.09186554 -074.57455097
111  45.09174742 -074.57452527
111  45.09179399 -074.57394672
113  45.09193905 -074.57378415
110 1 0.25 0.0000 Hanger pad
111  45.09507811 -074.56129745
111  45.09504174 -074.56126903
111  45.09509167 -074.56114710
113  45.09512698 -074.56117648
110 1 0.25 0.0000 Hanger pad
111  45.09515223 -074.56111526
111  45.09511585 -074.56108684
111  45.09516578 -074.56096491
113  45.09520109 -074.56099429
110 1 0.25 0.0000 Hanger pad
111  45.09526335 -074.56084147
111  45.09522698 -074.56081305
111  45.09527691 -074.56069112
113  45.09531222 -074.56072051
110 1 0.25 0.0000 Hanger pad
111  45.09535497 -074.56061821
111  45.09531860 -074.56058979
111  45.09536853 -074.56046785
113  45.09540384 -074.56049724
110 1 0.25 0.0000 Hanger pad
111  45.09544308 -074.56040267
111  45.09540671 -074.56037425
111  45.09545664 -074.56025232
113  45.09549194 -074.56028171
110 1 0.25 0.0000 Hanger pad
111  45.09499851 -074.56149464
111  45.09496214 -074.56146622
111  45.09501207 -074.56134429
113  45.09504738 -074.56137367
110 1 0.00 0.0000 Walkway
111  45.09125813 -074.56399274
111  45.09140852 -074.56400952
111  45.09140619 -074.56403564
113  45.09125664 -074.56401405
130 Airport Boundary
111  45.09167131 -074.57468119
111  45.09169534 -074.57389839
111  45.09229608 -074.56917889
111  45.09129485 -074.56870242
111  45.09094242 -074.56858897
111  45.09085431 -074.56818055
111  45.09108660 -074.56761330
111  45.09136694 -074.56764733
111  45.09145505 -074.56616113
111  45.09082227 -074.56579809
111  45.09090237 -074.56516277
111  45.09058999 -074.56455013
111  45.09110261 -074.56281434
111  45.09236016 -074.56293914
111  45.09267254 -074.56229247
111  45.09291283 -074.56088555
111  45.09428251 -074.56093093
111  45.09499538 -074.55931987
111  45.09539587 -074.55944467
111  45.09601263 -074.56052250
111  45.09535582 -074.56236050
111  45.09362571 -074.56152094
113  45.09248030 -074.57471566
120 Pump arrow
111  45.09145287 -074.56466103 3
111  45.09144308 -074.56466434 3
111  45.09144341 -074.56466080 3
111  45.09143013 -074.56465820 3
111  45.09143103 -074.56465014 3
111  45.09144450 -074.56465353 3
113  45.09144524 -074.56464950 3
120 Taxi to gas
111  45.09150881 -074.56466041 1
112  45.09141233 -074.56464058  45.09140890 -074.56463612 1
112  45.09140730 -074.56463223  45.09140501 -074.56462591 1
112  45.09140594 -074.56461907  45.09140663 -074.56461364 1
112  45.09142625 -074.56443394  45.09143259 -074.56440958 1
112  45.09144578 -074.56438540  45.09145641 -074.56436473 1
115  45.09150009 -074.56432175
120 Compass rose 1
111  45.09153963 -074.56565405 1
115  45.09147737 -074.56562994
120 Compass rose 2
111  45.09149976 -074.56568540 1
115  45.09151771 -074.56559836
120 Linear Feature 10
111  45.09287029 -074.56428824 1
116  45.09297431 -074.56461889  45.09295418 -074.56484432
120 Linear Feature 9
111  45.09287031 -074.56428819 1
116  45.09303386 -074.56399304  45.09308921 -074.56368188
120 Linear Feature 8
111  45.09197768 -074.56413679 1
115  45.09287040 -074.56428824
120 Linear Feature 14
111  45.09345865 -074.56121283 1
116  45.09327404 -074.56144950  45.09324872 -074.56169919
120 Linear Feature 13
111  45.09447955 -074.56139724 1
115  45.09345872 -074.56121288
120 Hold 10-28
111  45.09232168 -074.56432025 4
115  45.09234216 -074.56408088
120 Hold 28
111  45.09396597 -074.56137916 4
115  45.09397667 -074.56124026
21  45.09257700 -074.57242800 1 83.2600 3.0 10  VASI
21  45.09277700 -074.56306900 1 263.2700 3.0 28  VASI
20  45.09397896 -074.56122517 171.5700 0 2 {@L}B{@R}28{@@}{@L}B
20  45.09350629 -074.56110482 83.1200 0 2 {@Y}{^l}B
20  45.09285218 -074.56394150 263.0700 0 2 {@Y}{^l}A
20  45.09315920 -074.56469364 82.5400 0 2 {@Y}B{^u}|A{^r}
20  45.09232415 -074.56438480 352.6500 0 2 {@L}A{@R}10-28{@@}{@L}A
1300  45.09179288 -074.56354867 264.16 misc props Ramp start
18  45.09172800 -074.56300800 1 BCN
19  45.09199300 -074.56771000 1 WS
51 12277 CTAF/UNICOM
56 13525 BOSTON CNTR
99
