I
1000 Generated by WorldEditor

1    259 0 0 CNF3 Pendleton Airport
100 30.48 1 0 0.00 0 0 0 05  45.48261000 -075.09868400    0    0 0 0 0 0 23  45.48513800 -075.08938400    0    0 0 0 0 0
110 2 0.00 0.0000 New Taxiway 2
111  45.48961088 -075.09091113
111  45.48966412 -075.09107256
111  45.48974016 -075.09103310
111  45.48993195 -075.09174155
111  45.48976398 -075.09186442
113  45.48951659 -075.09097223
110 2 0.00 0.0000 New Taxiway 1
111  45.49079334 -075.08918264
111  45.49081034 -075.08917216
111  45.49091925 -075.08949124
111  45.49101554 -075.08942256
111  45.49091509 -075.08910765
111  45.49079333 -075.08918261
111  45.49078516 -075.08915959
111  45.49092006 -075.08907806
111  45.49105169 -075.08948102
113  45.49092748 -075.08957492
110 13 0.00 0.0000 New Taxiway 4
111  45.49080982 -075.08917063
111  45.49091502 -075.08910776
111  45.49101525 -075.08942311
113  45.49091928 -075.08949105
110 5 0.00 0.0000 New Taxiway 1
111  45.48976612 -075.08933642
111  45.48998406 -075.08916718
111  45.49000735 -075.08911770
111  45.48991807 -075.08880948
111  45.48995920 -075.08878145
111  45.49005768 -075.08913270
111  45.49001133 -075.08921849
113  45.48978606 -075.08940554
110 5 0.00 0.0000 New Taxiway 6
111  45.49005902 -075.09052138
111  45.48928145 -075.08783992
111  45.48944082 -075.08665690
111  45.48948111 -075.08666307
111  45.48932349 -075.08782475
113  45.49010517 -075.09049020
110 5 0.00 0.0000 New Taxiway 5
111  45.48937407 -075.09098268
111  45.49095477 -075.08991467
111  45.49097060 -075.08987488
111  45.49096928 -075.08982396
111  45.49056226 -075.08860001
111  45.49050073 -075.08848623
111  45.49042256 -075.08846307
111  45.48888258 -075.08952040
111  45.48885950 -075.08944810
111  45.49041892 -075.08841569
111  45.49050955 -075.08844664
111  45.49058447 -075.08857266
111  45.49100596 -075.08980334
111  45.49100630 -075.08989825
111  45.49096425 -075.08997403
113  45.48939856 -075.09105347
110 5 0.00 0.0000 New Taxiway 4
111  45.48369481 -075.08584755
111  45.48834533 -075.08838808
111  45.48858760 -075.08863514
111  45.48939856 -075.09105374
111  45.48876591 -075.09150263
111  45.48874190 -075.09143054
111  45.48932466 -075.09101239
111  45.48853951 -075.08866864
111  45.48832063 -075.08846178
113  45.48367343 -075.08595487
110 2 0.00 0.0000 New Taxiway 1
111  45.48832441 -075.09345437
111  45.48877133 -075.09315706
111  45.48882540 -075.09329816
111  45.48915601 -075.09307084
111  45.48917810 -075.09300046
111  45.48917372 -075.09292605
111  45.48870859 -075.09152997
111  45.48860150 -075.09159084
111  45.48882846 -075.09231021
111  45.48829956 -075.09265624
111  45.48807093 -075.09201806
111  45.48789574 -075.09213236
111  45.48781332 -075.09187773
111  45.48874254 -075.09142934
111  45.48921461 -075.09290608
111  45.48921123 -075.09298499
111  45.48918354 -075.09311184
111  45.48884101 -075.09335707
111  45.48888925 -075.09352953
111  45.48861236 -075.09368810
111  45.48858399 -075.09361277
113  45.48841128 -075.09372103
110 3 0.00 0.0000 New Taxiway 5
111  45.48860407 -075.10136542
111  45.48873171 -075.10129250
111  45.48902841 -075.10038331
111  45.48901427 -075.10019221
111  45.48595361 -075.09083942
111  45.48578472 -075.09072020
111  45.48489370 -075.09117714
111  45.48474055 -075.09138163
111  45.48514654 -075.08989177
111  45.48532588 -075.08978665
111  45.48601168 -075.09015085
111  45.48622268 -075.09042485
111  45.48929496 -075.09983834
111  45.48929749 -075.10020818
111  45.48900931 -075.10136703
113  45.48878561 -075.10145544
110 1 0.00 0.0000 New Taxiway 3
111  45.48622293 -075.09042455
111  45.48601210 -075.09015157
113  45.48615968 -075.09023132
110 1 0.00 0.0000 New Taxiway 4
111  45.48532653 -075.08978767
111  45.48514697 -075.08989231
113  45.48519383 -075.08971641
110 3 0.00 0.0000 New Taxiway 12
111  45.48721234 -075.09225205
111  45.48700217 -075.09215486
111  45.48631310 -075.09003352
111  45.48501074 -075.08932503
111  45.48248242 -075.09861256
111  45.48904521 -075.10200766
111  45.48956007 -075.10001386
111  45.48807033 -075.09543753
111  45.48813499 -075.09518546
111  45.48838310 -075.09500323
111  45.49013721 -075.10048082
111  45.48957934 -075.10285788
111  45.48202715 -075.09897845
111  45.48525502 -075.08724559
111  45.48606351 -075.08774816
113  45.48747170 -075.09209176
110 1 1.00 0.0000 New Taxiway 10
111  45.48783154 -075.09470353
111  45.48802003 -075.09483026
111  45.48814240 -075.09475841
111  45.48821042 -075.09450035
111  45.48809908 -075.09414999
111  45.48791630 -075.09403683
111  45.48841122 -075.09372084
111  45.48872685 -075.09475620
111  45.48813609 -075.09518725
113  45.48807078 -075.09543806
110 1 0.00 0.0000 New Taxiway 9
111  45.48751912 -075.09374191
111  45.48770001 -075.09384565
111  45.48782462 -075.09377078
111  45.48789589 -075.09350388
111  45.48758879 -075.09254074
111  45.48739646 -075.09244000
111  45.48728537 -075.09251877
111  45.48721013 -075.09279999
111  45.48700245 -075.09215495
111  45.48721262 -075.09225199
111  45.48781331 -075.09187770
111  45.48841131 -075.09372091
111  45.48779052 -075.09411826
113  45.48771612 -075.09434694
110 1 0.70 0.0000 New Taxiway 7
111  45.48702611 -075.10055147
111  45.48442179 -075.09255737
111  45.48455289 -075.09207632
113  45.48740101 -075.10074240
110 1 0.00 0.0000 New Taxiway 1
111  45.48929777 -075.10020866
111  45.48929460 -075.09983812
113  45.48935319 -075.10000872
110 1 0.00 0.0000 New Taxiway 2
111  45.48896373 -075.10154784
111  45.48878336 -075.10145588
113  45.48900906 -075.10136691
110 1 0.00 0.0000 New Taxiway 6
111  45.48935016 -075.10000900
111  45.48615958 -075.09023157
111  45.48631310 -075.09003346
113  45.48956048 -075.10001292
110 1 0.00 0.0000 New Taxiway 5
111  45.48526573 -075.08945481
111  45.48631304 -075.09003334
111  45.48615973 -075.09023173
113  45.48519404 -075.08971754
110 1 0.00 0.0000 New Taxiway 4
111  45.48896402 -075.10154781
111  45.48934728 -075.10000774
111  45.48956050 -075.10001264
113  45.48914036 -075.10163780
110 1 0.00 0.0000 New Taxiway 3
111  45.48295785 -075.09845333
111  45.48283678 -075.09839062
113  45.48289398 -075.09818022
110 1 0.30 0.0000 New Taxiway 1
111  45.48273808 -075.09875469
111  45.48283706 -075.09839050
111  45.48914049 -075.10163780
113  45.48904705 -075.10200606
130 Airport Boundary 3
111  45.48521539 -075.08607222
111  45.49129731 -075.08656989
111  45.49065467 -075.10036829
111  45.48967901 -075.10377709
113  45.48170303 -075.09918565
1300  45.48812062 -075.09305400 -156.30 misc props New Ramp Start 1
99
